PART 1
Testing Sample...

Sample correct.
Elapsed time 0.000139s

Processing Input...

SOLUTION: 5808
Elapsed time 9.5e-07s

PART 2
Testing Sample...




11311
11511
1234
123456089
123456789
14
2
3
4444
44444
6
777
7777
876
9
Sample correct.
Elapsed time 1.407e-05s

Processing Input...





1
1
1
1007525723894910310115221239198885801177132110103315472271010
1010
1013610210385380241106166830873109567
102012007209
1021064094996107
103078375693522771050864107105410271031037377202058106431010042611036
103100427907594415841076854893142
1031089190524368760710310217457469120513905
103561028
103661010681297110103088287410842361065917
1038101
10401910102
10407791060271534441802584791063511031094370372513722446410267863732013223102091
104377366358107357
10460593109567789274681
1048710810610118125208019113830705
105
105592632041068774830101010108444107122521067863105806
1059101010740095563
1061037034
1066446684677709105510910656
10700633351031627338807381097827190912510082969039368980241065731713710847610935396333153101010577015138
10701110961491646003011074342271053
108
1082872246563933
1085104013014340139101018152101831471180385030
108773753812106
1090410006587747096517955
10977393910851055837790782074
1104305445277868114639775065047059818898786
1106541125444424422881621210866331931093
1119219744025944754717525
11527064824109137977501061786
11921758484194465825570703104201
1202735097010637
1211029460431022133100937255910
126
12616463188655465101073759100
128410274125970510251549201105104688291013540
135734646758
137851183413024579252101010832
154110426542
154488636801
15483
15562406571819910551011310101021
16407465
17013240779
17023287011767881005125466880945441562464
1761865981373728410284535101610210010225594374608
191
1910105
1963810410497005
2
2006115303639903505369304537626
20087765977030747
20110705797250572542492
2011102640690010751087101072
209148527
210042100953812641
2109997911015105421110210072501
2241774249105101359739
231061040108488398336109964224956
23448
237194829036
23985623362838002637938806859607
25156
2521084
252365506410079
2526117838523187
252744074
2561368753770108661238565965504555225888951673883
257810407712477600297057100731011080185
265277684030367104
2677381671977538847124286998493102056907331
26801087784972065926103226072608594102
269712583404733131854410473
27643531045884315204589880
2785663091926527938302310292931176296104098801028643
28
28012
285445570103480710261991092612766221009432621411075
290262638111
3
304492813209353645
3101048710618507414157120957556308321010
3102110304948670859531405822
310393994837860101
31074038510894810597106587
316248710216286469801
32101020639110862781043410353528208
3271025127000101397
3376361096911313810181448248953549210
34388801002328735010657106379758429508054646
3472471676118811531421306020805
3474411651168310236610
35
36425086841502554109496
36510
3651010
3670988305106
37083410442466352863669104191248296629871101050107802610313
37177818
37847635176283011026389561967107671342475259001510662063933780159698100637885
381052936505
38406371010894
38927302280425806020445102159911072103
394195
39591711876248421064501238697
3959832598
4027823890191283201170893105154936843345231356249232
409325314200079391596091050501581061019964887606190
409760177110507909931061016101062224
41
410520750410319446870118457377112792696562448103029108637273431013521045
41102991679389010972230235101092674110975414334
4110426553481010407974347
4167737524510127
4210599304309
4249
437098032381079123120
442
444610110536212158710
4480
4486013
45
4543275903397386710100052
454871010738612952433389896007393904882183
4556
46293081029118755964
463105594
46810
468109
4740629425410310410405141110
47510961043
4763505887708
47708016044913053503369279986710329
4850107935533367340265108
485176267884958
4868
4956967095818025671095229052
49718010809475109834949299307859205211
497969108111064496586565029547210942
49837180
49875869104231003085810
5
50610
5063588105241078099691141064695
509851027965964181002093723271623
51012602929106274
5102877090753643
5103628177100689391054961439109989763801118
5110387513604810677102821988
51126101188774474982644
5121175458338151007749
5210881184098444141
522459301402138410
523839
5279100811663871914614810510251510140101017054105342810150637429460
52834170710711
5290314100341590210456433
53510734849021028861098030556634
535115465209701111041091991055902957231
5387109431994463102610431207
541018171410104971010021044351611193510213936102
541506640
5417606963398033878
542
5483411389404
5558036768724
55834671
55881597135000
5595157412333260404426690
559744966681637456058134934910610
56839
57467235780
58309953244136871013541042255106610071010531019533815545
58883955
59015364730741748
595533850411251348988802388947108
599192281164033808715610
599498028577102
59988818684888568204672451081634107373
6
6
60231702502586231001059737109
6049900791076169083540924135337601271755
6051683
60556477
60770062256578105106910810810874
6101981771125589106106039721543286727
6104755197
6107101290345100624295082211165
615195710
616101037314938590108107351
6166
620701051
62110
6230619210501081009015221164
62310783905402232605106100021
6291962511508244261687810210149527664109733007321222
631311976199792
6336756594710775802236015288984860967757
64
64491031014105417501371011
65
6603441008009010731105612156102956
665
66656394368306757456307283107102321721013
6671
6691225688832035002015099739
68041
6911071010495
7083101444526316107357171977
710310
71043669108210
710738780029532063
719044109410643410944990210290310788105374
7190559503055100371916322789772108005331009107010823101061009
7223209105432737240038050004632
7236
7240627106
72941056490435004
73103325431052633040
7313638103159564152
735588742621027851812500
74142035812989023991082409602655151007410873
7464578535295557
7477365189251031010497162307174366988239825489
7478826391010310792941
7496139621102988652810988305510838
75
765981034647660988561124
7709427029622
7712
7779623
79108842675
8036104859783102104547507235634203609032541643410110752386
8045325476
80750106910510
8110308547055458628414227736
812336772681019177367710
820081081101011051466069
82181010544926310387487310127451
8247000107708446610288872491504109
831041536236587706104989
8329861035
8355710100522
8384
8401055
841146106676991093155
84559919180
8463105180621066017810510721083934
84692456410900167882561286839410009
8610872613962556610110319372
861913285277895010472075
8657081109447761010357927100571094006
874106510029102010979145310511
87794
8834491576145715110
9
9
9
9
9010015869809601019320
90262171102627920839660
904910561006
90785102017468106150709840088
9080108588908008125531649365101043
9093105781016352723058131084
9103108407509975390
910924931710
91902078810063501071623005410169473601068522912
9207492714542108051379957463301653613109101085431049
92106048508277781010002
92392109247671010820
92874861388003743589035
92967667
93
930810910
941081010101046116517510166239
9481210296125434111051040072131711039734
956344564751080834699410351780829451010106687351
96
9605101031497610109645261085
960984579799109404615667003110910066106613999010
964791058451039678
96696368808901
9694361019916696
9715
972101663
977
9775209009813102
9830155906118368910968435126
9863456375101035300338
99771494867444023620809328101978084770775
SOLUTION: 11400
Elapsed time 0.00051117s

